Num epochs trained: 99
val_rmse: [0.45782895 0.47659285 0.46145769 0.49731407 0.4720869 ], mean: 0.473, std: 0.014
test_rmse: [0.60545682 0.47141109 0.47672246 0.49266391 0.48175729], mean: 0.506, std: 0.050
best_epoch: [98 71 83 63 82], mean: 79.400, std: 11.876
train_last: [0.354471   0.36251849 0.36077192 0.36899928 0.37032509], mean: 0.363, std: 0.006
train_best: [0.35163091 0.39995294 0.38569039 0.41744348 0.39289388], mean: 0.390, std: 0.022
nce: [-0.42291518 -0.76047231 -0.49673762 -0.79112057 -0.69042998], mean: -0.632, std: 0.146
