Num epochs trained: 99
val_rmse: [0.49697341], mean: 0.497, std: 0.000
test_rmse: [0.49273859], mean: 0.493, std: 0.000
best_epoch: [59], mean: 59.000, std: 0.000
train_last: [0.37196268], mean: 0.372, std: 0.000
train_best: [0.43309314], mean: 0.433, std: 0.000
nce: [-0.66323175], mean: -0.663, std: 0.000
