Num epochs trained: 99
val_rmse: [0.60491016 0.62693809 0.57703016 0.6256999  0.63307699], mean: 0.614, std: 0.021
test_rmse: [0.6108584  0.57524751 0.60638002 0.59837587 0.62191656], mean: 0.603, std: 0.016
best_epoch: [95 80 90 89 88], mean: 88.400, std: 4.841
train_last: [0.48245592 0.43961669 0.46017977 0.47165111 0.44715585], mean: 0.460, std: 0.016
train_best: [0.50106406 0.46971932 0.46662107 0.52692165 0.47825116], mean: 0.489, std: 0.023
